M;R_80(populations.sumstat.tsv);change in _r_80
1;10065;-
2;10526;461
3;10569;43
4;10472;-97
5;10359;-113
6;10173;-186
7;10000;-173
8;9869;-131
9;9760;-109
